0.000000 0.000000 0.000000 0.000000 0.000000 0.000000 0.000000 0.000000 0.000000 0.000000 0.000000 0.000000 0.000000 0.000000 0.000000 0.000000 0.000000 0.000000 0.000000 0.000000 0.000000 0.000000 0.000000 0.000000 0.000000 0.000000 0.000000 0.000000 0.000000 0.000000 0.000000 0.000000 0.000000 0.000000 0.000000 0.000000 0.000000 0.000000 0.000000 0.000000 0.000000 0.000000 0.000000 0.000000 0.000000 0.000000 0.000000 0.000000 0.000000 0.000000
0.031728 0.031102 0.030488 0.029886 0.029296 0.028717 0.028150 0.027594 0.027050 0.026516 0.025992 0.025479 0.024976 0.024483 0.024000 0.023526 0.023061 0.022606 0.022160 0.021722 0.021293 0.020873 0.020461 0.020057 0.019661 0.019273 0.018892 0.018519 0.018154 0.017795 0.017444 0.017100 0.016762 0.016431 0.016107 0.015789 0.015477 0.015171 0.014872 0.014578 0.014290 0.014008 0.013732 0.013461 0.013195 0.012934 0.012679 0.012429 0.012183 0.011943
0.063424 0.062172 0.060944 0.059741 0.058562 0.057405 0.056272 0.055161 0.054072 0.053005 0.051958 0.050932 0.049927 0.048941 0.047975 0.047028 0.046099 0.045189 0.044297 0.043422 0.042565 0.041725 0.040901 0.040094 0.039302 0.038526 0.037765 0.037020 0.036289 0.035573 0.034870 0.034182 0.033507 0.032845 0.032197 0.031561 0.030938 0.030327 0.029729 0.029142 0.028566 0.028002 0.027450 0.026908 0.026376 0.025856 0.025345 0.024845 0.024354 0.023874
0.095056 0.093179 0.091340 0.089536 0.087769 0.086036 0.084337 0.082672 0.081040 0.079440 0.077872 0.076334 0.074827 0.073350 0.071902 0.070482 0.069091 0.067727 0.066390 0.065079 0.063794 0.062535 0.061300 0.060090 0.058904 0.057741 0.056601 0.055483 0.054388 0.053314 0.052261 0.051230 0.050218 0.049227 0.048255 0.047302 0.046368 0.045453 0.044556 0.043676 0.042814 0.041968 0.041140 0.040328 0.039531 0.038751 0.037986 0.037236 0.036501 0.035780
0.126592 0.124093 0.121643 0.119242 0.116888 0.114580 0.112318 0.110100 0.107927 0.105796 0.103707 0.101660 0.099653 0.097685 0.095757 0.093866 0.092013 0.090196 0.088416 0.086670 0.084959 0.083282 0.081637 0.080026 0.078446 0.076897 0.075379 0.073891 0.072432 0.071002 0.069600 0.068226 0.066879 0.065559 0.064264 0.062996 0.061752 0.060533 0.059338 0.058166 0.057018 0.055892 0.054789 0.053707 0.052647 0.051607 0.050588 0.049590 0.048611 0.047651
0.158001 0.154882 0.151824 0.148827 0.145889 0.143008 0.140185 0.137417 0.134704 0.132045 0.129438 0.126882 0.124377 0.121922 0.119515 0.117155 0.114842 0.112575 0.110353 0.108174 0.106038 0.103945 0.101893 0.099881 0.097909 0.095976 0.094081 0.092224 0.090403 0.088618 0.086869 0.085154 0.083472 0.081824 0.080209 0.078625 0.077073 0.075552 0.074060 0.072598 0.071165 0.069760 0.068382 0.067032 0.065709 0.064412 0.063140 0.061893 0.060671 0.059474
0.189251 0.185515 0.181852 0.178262 0.174743 0.171293 0.167911 0.164596 0.161346 0.158161 0.155038 0.151978 0.148977 0.146036 0.143153 0.140327 0.137556 0.134840 0.132178 0.129569 0.127011 0.124503 0.122045 0.119636 0.117274 0.114958 0.112689 0.110464 0.108283 0.106145 0.104050 0.101995 0.099982 0.098008 0.096073 0.094176 0.092317 0.090494 0.088708 0.086956 0.085240 0.083557 0.081907 0.080290 0.078705 0.077151 0.075628 0.074135 0.072671 0.071236
0.220311 0.215961 0.211697 0.207518 0.203421 0.199405 0.195468 0.191609 0.187826 0.184118 0.180483 0.176920 0.173427 0.170003 0.166647 0.163356 0.160131 0.156970 0.153871 0.150833 0.147855 0.144936 0.142075 0.139270 0.136520 0.133825 0.131183 0.128593 0.126054 0.123566 0.121126 0.118735 0.116390 0.114093 0.111840 0.109632 0.107468 0.105346 0.103266 0.101227 0.099229 0.097270 0.095349 0.093467 0.091622 0.089813 0.088040 0.086302 0.084598 0.082928
0.251148 0.246190 0.241329 0.236565 0.231894 0.227316 0.222828 0.218429 0.214117 0.209889 0.205746 0.201684 0.197702 0.193799 0.189972 0.186222 0.182545 0.178941 0.175409 0.171946 0.168551 0.165223 0.161961 0.158764 0.155629 0.152557 0.149545 0.146592 0.143698 0.140861 0.138080 0.135354 0.132682 0.130062 0.127495 0.124978 0.122510 0.120092 0.117721 0.115396 0.113118 0.110885 0.108696 0.106550 0.104446 0.102384 0.100363 0.098381 0.096439 0.094535
0.281733 0.276170 0.270718 0.265373 0.260134 0.254998 0.249964 0.245029 0.240191 0.235449 0.230801 0.226244 0.221778 0.217399 0.213107 0.208900 0.204776 0.200733 0.196770 0.192885 0.189077 0.185344 0.181685 0.178098 0.174582 0.171135 0.167756 0.164444 0.161198 0.158015 0.154896 0.151838 0.148840 0.145901 0.143021 0.140197 0.137429 0.134716 0.132056 0.129449 0.126894 0.124388 0.121933 0.119525 0.117166 0.114852 0.112585 0.110362 0.108183 0.106048
0.312033 0.305873 0.299834 0.293915 0.288112 0.282424 0.276848 0.271382 0.266025 0.260772 0.255624 0.250577 0.245630 0.240781 0.236027 0.231367 0.226800 0.222322 0.217933 0.213630 0.209412 0.205278 0.201225 0.197253 0.193358 0.189541 0.185799 0.182131 0.178535 0.175010 0.171555 0.168168 0.164848 0.161593 0.158403 0.155276 0.152210 0.149205 0.146259 0.143372 0.140541 0.137767 0.135047 0.132381 0.129767 0.127205 0.124694 0.122232 0.119819 0.117453
0.342020 0.335268 0.328649 0.322160 0.315800 0.309565 0.303453 0.297462 0.291590 0.285833 0.280190 0.274658 0.269236 0.263920 0.258710 0.253602 0.248595 0.243687 0.238876 0.234160 0.229537 0.225006 0.220563 0.216209 0.211940 0.207756 0.203654 0.199634 0.195692 0.191829 0.188042 0.184329 0.180690 0.177123 0.173626 0.170198 0.166838 0.163544 0.160315 0.157150 0.154047 0.151006 0.148025 0.145102 0.142238 0.139430 0.136677 0.133978 0.131333 0.128740
0.371662 0.364325 0.357132 0.350081 0.343170 0.336395 0.329753 0.323243 0.316861 0.310606 0.304473 0.298462 0.292570 0.286794 0.281132 0.275581 0.270141 0.264807 0.259579 0.254454 0.249431 0.244506 0.239679 0.234947 0.230309 0.225762 0.221305 0.216935 0.212653 0.208454 0.204339 0.200305 0.196350 0.192474 0.188674 0.184949 0.181297 0.177718 0.174209 0.170770 0.167398 0.164094 0.160854 0.157678 0.154565 0.151514 0.148522 0.145590 0.142716 0.139898
0.400931 0.393015 0.385256 0.377650 0.370194 0.362885 0.355721 0.348698 0.341814 0.335066 0.328450 0.321966 0.315609 0.309378 0.303270 0.297283 0.291414 0.285661 0.280021 0.274492 0.269073 0.263761 0.258554 0.253449 0.248445 0.243540 0.238732 0.234019 0.229399 0.224870 0.220430 0.216078 0.211812 0.207631 0.203531 0.199513 0.195574 0.191713 0.187928 0.184218 0.180581 0.177016 0.173521 0.170095 0.166737 0.163445 0.160218 0.157055 0.153955 0.150915
0.429795 0.421310 0.412992 0.404838 0.396846 0.389011 0.381331 0.373802 0.366422 0.359188 0.352097 0.345145 0.338331 0.331652 0.325104 0.318686 0.312394 0.306226 0.300181 0.294254 0.288445 0.282750 0.277168 0.271696 0.266332 0.261074 0.255919 0.250867 0.245914 0.241059 0.236300 0.231635 0.227062 0.222579 0.218184 0.213877 0.209654 0.205515 0.201458 0.197480 0.193582 0.189760 0.186013 0.182341 0.178741 0.175212 0.171753 0.168362 0.165038 0.161780
0.458227 0.449180 0.440312 0.431619 0.423098 0.414744 0.406556 0.398530 0.390662 0.382949 0.375388 0.367977 0.360712 0.353591 0.346610 0.339767 0.333059 0.326484 0.320038 0.313720 0.307526 0.301454 0.295503 0.289669 0.283950 0.278344 0.272849 0.267462 0.262182 0.257005 0.251931 0.246958 0.242082 0.237303 0.232618 0.228025 0.223523 0.219110 0.214784 0.210544 0.206387 0.202313 0.198318 0.194403 0.190565 0.186803 0.183115 0.179500 0.175956 0.172482
0.486197 0.476598 0.467189 0.457965 0.448923 0.440061 0.431373 0.422856 0.414508 0.406324 0.398302 0.390439 0.382730 0.375174 0.367767 0.360506 0.353389 0.346412 0.339573 0.332869 0.326297 0.319855 0.313540 0.307350 0.301282 0.295334 0.289504 0.283788 0.278185 0.272693 0.267309 0.262032 0.256859 0.251788 0.246817 0.241944 0.237167 0.232485 0.227895 0.223396 0.218985 0.214662 0.210424 0.206270 0.202197 0.198205 0.194292 0.190456 0.186696 0.183010
0.513677 0.503536 0.493595 0.483850 0.474297 0.464933 0.455754 0.446757 0.437936 0.429290 0.420815 0.412507 0.404363 0.396380 0.388554 0.380883 0.373363 0.365992 0.358766 0.351683 0.344740 0.337934 0.331262 0.324722 0.318311 0.312027 0.305867 0.299828 0.293909 0.288106 0.282418 0.276842 0.271377 0.266019 0.260767 0.255619 0.250572 0.245625 0.240776 0.236022 0.231363 0.226795 0.222317 0.217928 0.213626 0.209408 0.205274 0.201221 0.197249 0.193354
0.540641 0.529967 0.519504 0.509248 0.499194 0.489338 0.479677 0.470207 0.460924 0.451824 0.442904 0.434160 0.425588 0.417186 0.408950 0.400876 0.392961 0.385203 0.377598 0.370144 0.362836 0.355673 0.348651 0.341767 0.335020 0.328406 0.321922 0.315566 0.309336 0.303229 0.297243 0.291374 0.285622 0.279983 0.274455 0.269037 0.263725 0.258518 0.253415 0.248411 0.243507 0.238700 0.233987 0.229367 0.224839 0.220400 0.216049 0.211784 0.207602 0.203504
0.567060 0.555865 0.544890 0.534133 0.523587 0.513250 0.503117 0.493184 0.483448 0.473903 0.464547 0.455376 0.446385 0.437572 0.428933 0.420465 0.412164 0.404027 0.396050 0.388231 0.380566 0.373053 0.365688 0.358468 0.351391 0.344454 0.337653 0.330987 0.324452 0.318047 0.311768 0.305612 0.299579 0.293664 0.287867 0.282183 0.276612 0.271151 0.265798 0.260550 0.255406 0.250364 0.245421 0.240576 0.235826 0.231170 0.226606 0.222133 0.217747 0.213448
0.592908 0.581202 0.569728 0.558480 0.547454 0.536646 0.526051 0.515665 0.505484 0.495505 0.485722 0.476133 0.466733 0.457518 0.448485 0.439631 0.430951 0.422443 0.414103 0.405928 0.397913 0.390058 0.382357 0.374808 0.367408 0.360155 0.353044 0.346074 0.339242 0.332544 0.325979 0.319543 0.313234 0.307050 0.300988 0.295046 0.289221 0.283511 0.277914 0.272427 0.267048 0.261776 0.256608 0.251542 0.246576 0.241708 0.236936 0.232258 0.227673 0.223178
0.618159 0.605955 0.593992 0.582265 0.570769 0.559501 0.548455 0.537627 0.527012 0.516608 0.506408 0.496411 0.486610 0.477003 0.467586 0.458354 0.449305 0.440435 0.431739 0.423215 0.414860 0.406670 0.398641 0.390771 0.383056 0.375493 0.368080 0.360813 0.353689 0.346707 0.339862 0.333152 0.326575 0.320127 0.313807 0.307612 0.301538 0.295585 0.289750 0.284029 0.278422 0.272925 0.267537 0.262255 0.257077 0.252002 0.247026 0.242149 0.237369 0.232682
0.642788 0.630097 0.617657 0.605463 0.593510 0.581792 0.570306 0.559047 0.548009 0.537190 0.526585 0.516188 0.505997 0.496008 0.486215 0.476616 0.467206 0.457982 0.448940 0.440077 0.431389 0.422872 0.414523 0.406340 0.398317 0.390453 0.382745 0.375188 0.367781 0.360520 0.353402 0.346425 0.339586 0.332882 0.326310 0.319867 0.313552 0.307362 0.301294 0.295345 0.289514 0.283799 0.278196 0.272703 0.267319 0.262042 0.256868 0.251797 0.246826 0.241953
0.666769 0.653605 0.640701 0.628052 0.615653 0.603498 0.591583 0.579904 0.568455 0.557232 0.546231 0.535447 0.524875 0.514513 0.504355 0.494398 0.484637 0.475069 0.465690 0.456496 0.447483 0.438649 0.429989 0.421499 0.413178 0.405021 0.397024 0.389186 0.381502 0.373971 0.366587 0.359350 0.352255 0.345301 0.338484 0.331801 0.325250 0.318829 0.312535 0.306364 0.300316 0.294387 0.288575 0.282878 0.277293 0.271818 0.266452 0.261191 0.256035 0.250980
0.690079 0.676455 0.663100 0.650008 0.637176 0.624596 0.612265 0.600177 0.588328 0.576713 0.565327 0.554166 0.543225 0.532500 0.521987 0.511682 0.501580 0.491677 0.481970 0.472455 0.463127 0.453984 0.445021 0.436235 0.427622 0.419180 0.410904 0.402792 0.394840 0.387044 0.379403 0.371913 0.364570 0.357373 0.350317 0.343401 0.336621 0.329975 0.323461 0.317075 0.310815 0.304678 0.298663 0.292767 0.286987 0.281321 0.275767 0.270322 0.264986 0.259754
0.712694 0.698624 0.684831 0.671310 0.658057 0.645065 0.632330 0.619846 0.607608 0.595613 0.583854 0.572327 0.561027 0.549951 0.539094 0.528450 0.518017 0.507790 0.497765 0.487938 0.478305 0.468862 0.459605 0.450531 0.441636 0.432917 0.424370 0.415992 0.407779 0.399729 0.391837 0.384101 0.376518 0.369084 0.361798 0.354655 0.347653 0.340789 0.334061 0.327466 0.321001 0.314663 0.308451 0.302361 0.296392 0.290540 0.284804 0.279181 0.273670 0.268267
0.734592 0.720089 0.705872 0.691936 0.678276 0.664885 0.651758 0.638891 0.626277 0.613913 0.601792 0.589911 0.578265 0.566848 0.555657 0.544687 0.533933 0.523392 0.513059 0.502930 0.493001 0.483267 0.473726 0.464374 0.455206 0.446219 0.437409 0.428773 0.420308 0.412010 0.403876 0.395902 0.388086 0.380424 0.372914 0.365551 0.358334 0.351260 0.344325 0.337527 0.330863 0.324331 0.317928 0.311651 0.305499 0.299467 0.293555 0.287759 0.282078 0.276509
0.755750 0.740829 0.726203 0.711866 0.697812 0.684035 0.670530 0.657292 0.644315 0.631595 0.619125 0.606902 0.594920 0.583175 0.571661 0.560375 0.549312 0.538467 0.527836 0.517415 0.507200 0.497187 0.487371 0.477749 0.468317 0.459071 0.450007 0.441123 0.432414 0.423877 0.415509 0.407305 0.399264 0.391381 0.383655 0.376080 0.368655 0.361377 0.354242 0.347249 0.340393 0.333673 0.327085 0.320628 0.314298 0.308092 0.302010 0.296047 0.290203 0.284473
0.776146 0.760823 0.745802 0.731078 0.716645 0.702496 0.688627 0.675032 0.661705 0.648641 0.635835 0.623282 0.610977 0.598914 0.587090 0.575499 0.564137 0.553000 0.542082 0.531380 0.520889 0.510605 0.500524 0.490643 0.480956 0.471461 0.462153 0.453029 0.444085 0.435317 0.426723 0.418298 0.410040 0.401944 0.394009 0.386230 0.378605 0.371130 0.363803 0.356621 0.349580 0.342678 0.335913 0.329281 0.322780 0.316408 0.310161 0.304037 0.298035 0.292151
0.795762 0.780051 0.764651 0.749555 0.734756 0.720250 0.706031 0.692092 0.678428 0.665034 0.651904 0.639034 0.626418 0.614050 0.601927 0.590044 0.578395 0.566976 0.555782 0.544809 0.534053 0.523510 0.513174 0.503043 0.493111 0.483376 0.473833 0.464478 0.455308 0.446319 0.437507 0.428870 0.420403 0.412103 0.403967 0.395991 0.388173 0.380510 0.372997 0.365633 0.358415 0.351339 0.344402 0.337603 0.330938 0.324404 0.317999 0.311721 0.305567 0.299534
0.814576 0.798494 0.782730 0.767276 0.752128 0.737279 0.722723 0.708455 0.694468 0.680757 0.667317 0.654142 0.641228 0.628568 0.616159 0.603994 0.592070 0.580380 0.568922 0.557690 0.546680 0.535887 0.525307 0.514936 0.504770 0.494804 0.485035 0.475459 0.466073 0.456871 0.447851 0.439009 0.430342 0.421846 0.413518 0.405354 0.397351 0.389506 0.381816 0.374278 0.366889 0.359645 0.352545 0.345585 0.338762 0.332074 0.325518 0.319091 0.312792 0.306616
0.832570 0.816133 0.800020 0.784225 0.768743 0.753566 0.738688 0.724104 0.709809 0.695795 0.682058 0.668592 0.655393 0.642453 0.629770 0.617336 0.605148 0.593201 0.581490 0.570009 0.558756 0.547724 0.536911 0.526311 0.515920 0.505734 0.495750 0.485962 0.476368 0.466963 0.457744 0.448707 0.439848 0.431165 0.422652 0.414308 0.406128 0.398110 0.390250 0.382546 0.374993 0.367590 0.360333 0.353219 0.346245 0.339409 0.332709 0.326140 0.319701 0.313389
0.849725 0.832950 0.816505 0.800385 0.784583 0.769093 0.753909 0.739025 0.724435 0.710132 0.696112 0.682369 0.668897 0.655691 0.642746 0.630057 0.617618 0.605424 0.593472 0.581755 0.570269 0.559011 0.547974 0.537156 0.526551 0.516155 0.505965 0.495976 0.486184 0.476585 0.467176 0.457953 0.448912 0.440049 0.431361 0.422845 0.414497 0.406313 0.398292 0.390428 0.382720 0.375164 0.367758 0.360497 0.353380 0.346403 0.339564 0.332860 0.326289 0.319847
0.866025 0.848928 0.832168 0.815738 0.799633 0.783846 0.768371 0.753201 0.738331 0.723754 0.709466 0.695459 0.681729 0.668269 0.655076 0.642143 0.629465 0.617038 0.604856 0.592914 0.581209 0.569734 0.558486 0.547460 0.536651 0.526056 0.515671 0.505490 0.495510 0.485727 0.476138 0.466738 0.457523 0.448490 0.439636 0.430956 0.422448 0.414108 0.405932 0.397918 0.390062 0.382361 0.374812 0.367412 0.360159 0.353048 0.346078 0.339245 0.332548 0.325982
0.881453 0.864051 0.846992 0.830270 0.813879 0.797810 0.782059 0.766619 0.751484 0.736648 0.722104 0.707848 0.693873 0.680174 0.666746 0.653582 0.640679 0.628030 0.615631 0.603477 0.591563 0.579884 0.568435 0.557213 0.546212 0.535428 0.524857 0.514495 0.504338 0.494381 0.484620 0.475052 0.465674 0.456480 0.447468 0.438633 0.429974 0.421485 0.413164 0.405007 0.397011 0.389173 0.381489 0.373958 0.366575 0.359337 0.352243 0.345289 0.338472 0.331790
0.895994 0.878304 0.860964 0.843966 0.827304 0.810971 0.794960 0.779266 0.763881 0.748800 0.734016 0.719525 0.705319 0.691394 0.677744 0.664364 0.651248 0.638390 0.625787 0.613432 0.601321 0.589449 0.577812 0.566404 0.555222 0.544260 0.533515 0.522982 0.512657 0.502536 0.492614 0.482889 0.473355 0.464010 0.454849 0.445869 0.437066 0.428438 0.419979 0.411688 0.403560 0.395592 0.387782 0.380126 0.372622 0.365265 0.358054 0.350985 0.344055 0.337263
0.909632 0.891673 0.874069 0.856813 0.839897 0.823315 0.807061 0.791127 0.775508 0.760197 0.745189 0.730477 0.716055 0.701918 0.688061 0.674476 0.661160 0.648107 0.635312 0.622769 0.610474 0.598422 0.586607 0.575026 0.563673 0.552545 0.541636 0.530943 0.520460 0.510185 0.500113 0.490239 0.480560 0.471073 0.461773 0.452656 0.443719 0.434959 0.426372 0.417954 0.409702 0.401614 0.393685 0.385912 0.378293 0.370825 0.363504 0.356327 0.349292 0.342396
0.922354 0.904144 0.886294 0.868796 0.851644 0.834830 0.818348 0.802192 0.786354 0.770830 0.755611 0.740694 0.726070 0.711736 0.697684 0.683910 0.670408 0.657172 0.644198 0.631479 0.619012 0.606791 0.594811 0.583068 0.571557 0.560273 0.549211 0.538369 0.527740 0.517321 0.507107 0.497096 0.487282 0.477661 0.468231 0.458987 0.449925 0.441042 0.432335 0.423800 0.415433 0.407231 0.399191 0.391310 0.383584 0.376011 0.368588 0.361311 0.354178 0.347185
0.934148 0.915705 0.897627 0.879905 0.862533 0.845505 0.828812 0.812449 0.796409 0.780686 0.765273 0.750164 0.735354 0.720836 0.706605 0.692655 0.678980 0.665575 0.652434 0.639554 0.626927 0.614550 0.602417 0.590524 0.578865 0.567437 0.556234 0.545252 0.534488 0.523935 0.513591 0.503452 0.493512 0.483769 0.474218 0.464856 0.455678 0.446682 0.437863 0.429218 0.420744 0.412438 0.404295 0.396313 0.388489 0.380819 0.373301 0.365931 0.358706 0.351624
0.945001 0.926344 0.908055 0.890128 0.872554 0.855328 0.838441 0.821888 0.805662 0.789756 0.774164 0.758880 0.743897 0.729211 0.714814 0.700702 0.686868 0.673307 0.660014 0.646984 0.634211 0.621690 0.609416 0.597384 0.585590 0.574029 0.562696 0.551587 0.540697 0.530022 0.519558 0.509301 0.499246 0.489389 0.479727 0.470256 0.460972 0.451871 0.442950 0.434205 0.425633 0.417230 0.408992 0.400918 0.393002 0.385244 0.377638 0.370182 0.362874 0.355710
0.954902 0.936050 0.917570 0.899454 0.881697 0.864290 0.847226 0.830500 0.814103 0.798031 0.782275 0.766831 0.751692 0.736851 0.722304 0.708044 0.694065 0.680362 0.666930 0.653763 0.640856 0.628204 0.615801 0.603643 0.591726 0.580044 0.568592 0.557366 0.546362 0.535576 0.525002 0.514637 0.504477 0.494517 0.484754 0.475184 0.465802 0.456606 0.447591 0.438755 0.430092 0.421601 0.413278 0.405118 0.397120 0.389280 0.381595 0.374061 0.366676 0.359437
0.963842 0.944813 0.926160 0.907875 0.889951 0.872381 0.855158 0.838275 0.821725 0.805502 0.789599 0.774010 0.758729 0.743750 0.729066 0.714672 0.700563 0.686732 0.673174 0.659883 0.646856 0.634085 0.621566 0.609295 0.597266 0.585474 0.573915 0.562585 0.551478 0.540590 0.529917 0.519455 0.509200 0.499147 0.489292 0.479632 0.470163 0.460881 0.451782 0.442862 0.434119 0.425548 0.417147 0.408911 0.400838 0.392924 0.385167 0.377563 0.370109 0.362802
0.971812 0.952625 0.933818 0.915382 0.897310 0.879594 0.862229 0.845206 0.828519 0.812162 0.796128 0.780410 0.765003 0.749899 0.735094 0.720582 0.706355 0.692410 0.678740 0.665340 0.652204 0.639328 0.626706 0.614333 0.602204 0.590315 0.578661 0.567236 0.556037 0.545060 0.534299 0.523750 0.513410 0.503274 0.493338 0.483598 0.474050 0.464691 0.455517 0.446524 0.437708 0.429067 0.420596 0.412292 0.404152 0.396173 0.388352 0.380685 0.373169 0.365802
0.978802 0.959478 0.940535 0.921967 0.903765 0.885922 0.868431 0.851286 0.834479 0.818004 0.801855 0.786024 0.770506 0.755294 0.740382 0.725765 0.711437 0.697391 0.683622 0.670126 0.656896 0.643927 0.631214 0.618752 0.606536 0.594562 0.582823 0.571317 0.560037 0.548981 0.538142 0.527518 0.517103 0.506894 0.496887 0.487077 0.477461 0.468034 0.458794 0.449736 0.440857 0.432153 0.423622 0.415258 0.407060 0.399023 0.391145 0.383423 0.375853 0.368433
0.984808 0.965365 0.946306 0.927623 0.909310 0.891357 0.873759 0.856509 0.839599 0.823023 0.806774 0.790847 0.775233 0.759928 0.744925 0.730218 0.715801 0.701670 0.687817 0.674237 0.660926 0.647878 0.635087 0.622548 0.610258 0.598209 0.586399 0.574822 0.563473 0.552349 0.541444 0.530754 0.520276 0.510004 0.499935 0.490065 0.480390 0.470906 0.461609 0.452495 0.443562 0.434805 0.426221 0.417806 0.409557 0.401471 0.393545 0.385776 0.378159 0.370693
0.989821 0.970280 0.951124 0.932346 0.913939 0.895895 0.878208 0.860870 0.843874 0.827213 0.810882 0.794873 0.779180 0.763797 0.748717 0.733936 0.719446 0.705242 0.691318 0.677670 0.664291 0.651176 0.638320 0.625718 0.613364 0.601255 0.589384 0.577748 0.566342 0.555161 0.544201 0.533457 0.522925 0.512601 0.502481 0.492560 0.482836 0.473303 0.463959 0.454799 0.445820 0.437018 0.428390 0.419933 0.411642 0.403515 0.395549 0.387740 0.380085 0.372581
0.993838 0.974217 0.954984 0.936130 0.917648 0.899531 0.881772 0.864363 0.847298 0.830570 0.814173 0.798099 0.782342 0.766896 0.751756 0.736914 0.722365 0.708104 0.694124 0.680420 0.666987 0.653819 0.640910 0.628257 0.615854 0.603695 0.591776 0.580093 0.568640 0.557414 0.546409 0.535621 0.525047 0.514681 0.504520 0.494559 0.484795 0.475224 0.465842 0.456645 0.447629 0.438792 0.430129 0.421637 0.413313 0.405153 0.397154 0.389313 0.381627 0.374093
0.996855 0.977174 0.957882 0.938971 0.920433 0.902261 0.884448 0.866987 0.849870 0.833091 0.816644 0.800521 0.784716 0.769224 0.754037 0.739151 0.724558 0.710253 0.696231 0.682485 0.669011 0.655803 0.642856 0.630164 0.617723 0.605527 0.593572 0.581854 0.570366 0.559106 0.548067 0.537247 0.526640 0.516243 0.506051 0.496060 0.486267 0.476666 0.467256 0.458031 0.448988 0.440124 0.431434 0.422917 0.414567 0.406383 0.398359 0.390495 0.382785 0.375228
0.998867 0.979147 0.959816 0.940867 0.922291 0.904083 0.886234 0.868737 0.851586 0.834773 0.818292 0.802137 0.786301 0.770777 0.755560 0.740643 0.726021 0.711687 0.697636 0.683863 0.670362 0.657127 0.644153 0.631436 0.618970 0.606750 0.594771 0.583028 0.571518 0.560234 0.549174 0.538332 0.527704 0.517285 0.507073 0.497062 0.487248 0.477629 0.468199 0.458955 0.449894 0.441012 0.432306 0.423771 0.415404 0.407203 0.399164 0.391283 0.383558 0.375986
0.999874 0.980134 0.960783 0.941815 0.923221 0.904994 0.887127 0.869613 0.852444 0.835614 0.819117 0.802946 0.787093 0.771554 0.756321 0.741389 0.726752 0.712404 0.698339 0.684552 0.671037 0.657789 0.644803 0.632073 0.619594 0.607361 0.595370 0.583616 0.572094 0.560799 0.549727 0.538874 0.528235 0.517807 0.507584 0.497563 0.487739 0.478110 0.468671 0.459418 0.450348 0.441457 0.432741 0.424198 0.415823 0.407613 0.399566 0.391678 0.383945 0.376365
0.999874 0.980134 0.960783 0.941815 0.923221 0.904994 0.887127 0.869613 0.852444 0.835614 0.819117 0.802946 0.787093 0.771554 0.756321 0.741389 0.726752 0.712404 0.698339 0.684552 0.671037 0.657789 0.644803 0.632073 0.619594 0.607361 0.595370 0.583616 0.572094 0.560799 0.549727 0.538874 0.528235 0.517807 0.507584 0.497563 0.487739 0.478110 0.468671 0.459418 0.450348 0.441457 0.432741 0.424198 0.415823 0.407613 0.399566 0.391678 0.383945 0.376365
0.998867 0.979147 0.959816 0.940867 0.922291 0.904083 0.886234 0.868737 0.851586 0.834773 0.818292 0.802137 0.786301 0.770777 0.755560 0.740643 0.726021 0.711687 0.697636 0.683863 0.670362 0.657127 0.644153 0.631436 0.618970 0.606750 0.594771 0.583028 0.571518 0.560234 0.549174 0.538332 0.527704 0.517285 0.507073 0.497062 0.487248 0.477629 0.468199 0.458955 0.449894 0.441012 0.432306 0.423771 0.415404 0.407203 0.399164 0.391283 0.383558 0.375986
0.996855 0.977174 0.957882 0.938971 0.920433 0.902261 0.884448 0.866987 0.849870 0.833091 0.816644 0.800521 0.784716 0.769224 0.754037 0.739151 0.724558 0.710253 0.696231 0.682485 0.669011 0.655803 0.642856 0.630164 0.617723 0.605527 0.593572 0.581854 0.570366 0.559106 0.548067 0.537247 0.526640 0.516243 0.506051 0.496060 0.486267 0.476666 0.467256 0.458031 0.448988 0.440124 0.431434 0.422917 0.414567 0.406383 0.398359 0.390495 0.382785 0.375228
0.993838 0.974217 0.954984 0.936130 0.917648 0.899531 0.881772 0.864363 0.847298 0.830570 0.814173 0.798099 0.782342 0.766896 0.751756 0.736914 0.722365 0.708104 0.694124 0.680420 0.666987 0.653819 0.640910 0.628257 0.615854 0.603695 0.591776 0.580093 0.568640 0.557414 0.546409 0.535621 0.525047 0.514681 0.504520 0.494559 0.484795 0.475224 0.465842 0.456645 0.447629 0.438792 0.430129 0.421637 0.413313 0.405153 0.397154 0.389313 0.381627 0.374093
0.989821 0.970280 0.951124 0.932346 0.913939 0.895895 0.878208 0.860870 0.843874 0.827213 0.810882 0.794873 0.779180 0.763797 0.748717 0.733936 0.719446 0.705242 0.691318 0.677670 0.664291 0.651176 0.638320 0.625718 0.613364 0.601255 0.589384 0.577748 0.566342 0.555161 0.544201 0.533457 0.522925 0.512601 0.502481 0.492560 0.482836 0.473303 0.463959 0.454799 0.445820 0.437018 0.428390 0.419933 0.411642 0.403515 0.395549 0.387740 0.380085 0.372581
0.984808 0.965365 0.946306 0.927623 0.909310 0.891357 0.873759 0.856509 0.839599 0.823023 0.806774 0.790847 0.775233 0.759928 0.744925 0.730218 0.715801 0.701670 0.687817 0.674237 0.660926 0.647878 0.635087 0.622548 0.610258 0.598209 0.586399 0.574822 0.563473 0.552349 0.541444 0.530754 0.520276 0.510004 0.499935 0.490065 0.480390 0.470906 0.461609 0.452495 0.443562 0.434805 0.426221 0.417806 0.409557 0.401471 0.393545 0.385776 0.378159 0.370693
0.978802 0.959478 0.940535 0.921967 0.903765 0.885922 0.868431 0.851286 0.834479 0.818004 0.801855 0.786024 0.770506 0.755294 0.740382 0.725765 0.711437 0.697391 0.683622 0.670126 0.656896 0.643927 0.631214 0.618752 0.606536 0.594562 0.582823 0.571317 0.560037 0.548981 0.538142 0.527518 0.517103 0.506894 0.496887 0.487077 0.477461 0.468034 0.458794 0.449736 0.440857 0.432153 0.423622 0.415258 0.407060 0.399023 0.391145 0.383423 0.375853 0.368433
0.971812 0.952625 0.933818 0.915382 0.897310 0.879594 0.862229 0.845206 0.828519 0.812162 0.796128 0.780410 0.765003 0.749899 0.735094 0.720582 0.706355 0.692410 0.678740 0.665340 0.652204 0.639328 0.626706 0.614333 0.602204 0.590315 0.578661 0.567236 0.556037 0.545060 0.534299 0.523750 0.513410 0.503274 0.493338 0.483598 0.474050 0.464691 0.455517 0.446524 0.437708 0.429067 0.420596 0.412292 0.404152 0.396173 0.388352 0.380685 0.373169 0.365802
0.963842 0.944813 0.926160 0.907875 0.889951 0.872381 0.855158 0.838275 0.821725 0.805502 0.789599 0.774010 0.758729 0.743750 0.729066 0.714672 0.700563 0.686732 0.673174 0.659883 0.646856 0.634085 0.621566 0.609295 0.597266 0.585474 0.573915 0.562585 0.551478 0.540590 0.529917 0.519455 0.509200 0.499147 0.489292 0.479632 0.470163 0.460881 0.451782 0.442862 0.434119 0.425548 0.417147 0.408911 0.400838 0.392924 0.385167 0.377563 0.370109 0.362802
0.954902 0.936050 0.917570 0.899454 0.881697 0.864290 0.847226 0.830500 0.814103 0.798031 0.782275 0.766831 0.751692 0.736851 0.722304 0.708044 0.694065 0.680362 0.666930 0.653763 0.640856 0.628204 0.615801 0.603643 0.591726 0.580044 0.568592 0.557366 0.546362 0.535576 0.525002 0.514637 0.504477 0.494517 0.484754 0.475184 0.465802 0.456606 0.447591 0.438755 0.430092 0.421601 0.413278 0.405118 0.397120 0.389280 0.381595 0.374061 0.366676 0.359437
0.945001 0.926344 0.908055 0.890128 0.872554 0.855328 0.838441 0.821888 0.805662 0.789756 0.774164 0.758880 0.743897 0.729211 0.714814 0.700702 0.686868 0.673307 0.660014 0.646984 0.634211 0.621690 0.609416 0.597384 0.585590 0.574029 0.562696 0.551587 0.540697 0.530022 0.519558 0.509301 0.499246 0.489389 0.479727 0.470256 0.460972 0.451871 0.442950 0.434205 0.425633 0.417230 0.408992 0.400918 0.393002 0.385244 0.377638 0.370182 0.362874 0.355710
0.934148 0.915705 0.897627 0.879905 0.862533 0.845505 0.828812 0.812449 0.796409 0.780686 0.765273 0.750164 0.735354 0.720836 0.706605 0.692655 0.678980 0.665575 0.652434 0.639554 0.626927 0.614550 0.602417 0.590524 0.578865 0.567437 0.556234 0.545252 0.534488 0.523935 0.513591 0.503452 0.493512 0.483769 0.474218 0.464856 0.455678 0.446682 0.437863 0.429218 0.420744 0.412438 0.404295 0.396313 0.388489 0.380819 0.373301 0.365931 0.358706 0.351624
0.922354 0.904144 0.886294 0.868796 0.851644 0.834830 0.818348 0.802192 0.786354 0.770830 0.755611 0.740694 0.726070 0.711736 0.697684 0.683910 0.670408 0.657172 0.644198 0.631479 0.619012 0.606791 0.594811 0.583068 0.571557 0.560273 0.549211 0.538369 0.527740 0.517321 0.507107 0.497096 0.487282 0.477661 0.468231 0.458987 0.449925 0.441042 0.432335 0.423800 0.415433 0.407231 0.399191 0.391310 0.383584 0.376011 0.368588 0.361311 0.354178 0.347185
0.909632 0.891673 0.874069 0.856813 0.839897 0.823315 0.807061 0.791127 0.775508 0.760197 0.745189 0.730477 0.716055 0.701918 0.688061 0.674476 0.661160 0.648107 0.635312 0.622769 0.610474 0.598422 0.586607 0.575026 0.563673 0.552545 0.541636 0.530943 0.520460 0.510185 0.500113 0.490239 0.480560 0.471073 0.461773 0.452656 0.443719 0.434959 0.426372 0.417954 0.409702 0.401614 0.393685 0.385912 0.378293 0.370825 0.363504 0.356327 0.349292 0.342396
0.895994 0.878304 0.860964 0.843966 0.827304 0.810971 0.794960 0.779266 0.763881 0.748800 0.734016 0.719525 0.705319 0.691394 0.677744 0.664364 0.651248 0.638390 0.625787 0.613432 0.601321 0.589449 0.577812 0.566404 0.555222 0.544260 0.533515 0.522982 0.512657 0.502536 0.492614 0.482889 0.473355 0.464010 0.454849 0.445869 0.437066 0.428438 0.419979 0.411688 0.403560 0.395592 0.387782 0.380126 0.372622 0.365265 0.358054 0.350985 0.344055 0.337263
0.881453 0.864051 0.846992 0.830270 0.813879 0.797810 0.782059 0.766619 0.751484 0.736648 0.722104 0.707848 0.693873 0.680174 0.666746 0.653582 0.640679 0.628030 0.615631 0.603477 0.591563 0.579884 0.568435 0.557213 0.546212 0.535428 0.524857 0.514495 0.504338 0.494381 0.484620 0.475052 0.465674 0.456480 0.447468 0.438633 0.429974 0.421485 0.413164 0.405007 0.397011 0.389173 0.381489 0.373958 0.366575 0.359337 0.352243 0.345289 0.338472 0.331790
0.866025 0.848928 0.832168 0.815738 0.799633 0.783846 0.768371 0.753201 0.738331 0.723754 0.709466 0.695459 0.681729 0.668269 0.655076 0.642143 0.629465 0.617038 0.604856 0.592914 0.581209 0.569734 0.558486 0.547460 0.536651 0.526056 0.515671 0.505490 0.495510 0.485727 0.476138 0.466738 0.457523 0.448490 0.439636 0.430956 0.422448 0.414108 0.405932 0.397918 0.390062 0.382361 0.374812 0.367412 0.360159 0.353048 0.346078 0.339245 0.332548 0.325982
0.849725 0.832950 0.816505 0.800385 0.784583 0.769093 0.753909 0.739025 0.724435 0.710132 0.696112 0.682369 0.668897 0.655691 0.642746 0.630057 0.617618 0.605424 0.593472 0.581755 0.570269 0.559011 0.547974 0.537156 0.526551 0.516155 0.505965 0.495976 0.486184 0.476585 0.467176 0.457953 0.448912 0.440049 0.431361 0.422845 0.414497 0.406313 0.398292 0.390428 0.382720 0.375164 0.367758 0.360497 0.353380 0.346403 0.339564 0.332860 0.326289 0.319847
0.832570 0.816133 0.800020 0.784225 0.768743 0.753566 0.738688 0.724104 0.709809 0.695795 0.682058 0.668592 0.655393 0.642453 0.629770 0.617336 0.605148 0.593201 0.581490 0.570009 0.558756 0.547724 0.536911 0.526311 0.515920 0.505734 0.495750 0.485962 0.476368 0.466963 0.457744 0.448707 0.439848 0.431165 0.422652 0.414308 0.406128 0.398110 0.390250 0.382546 0.374993 0.367590 0.360333 0.353219 0.346245 0.339409 0.332709 0.326140 0.319701 0.313389
0.814576 0.798494 0.782730 0.767276 0.752128 0.737279 0.722723 0.708455 0.694468 0.680757 0.667317 0.654142 0.641228 0.628568 0.616159 0.603994 0.592070 0.580380 0.568922 0.557690 0.546680 0.535887 0.525307 0.514936 0.504770 0.494804 0.485035 0.475459 0.466073 0.456871 0.447851 0.439009 0.430342 0.421846 0.413518 0.405354 0.397351 0.389506 0.381816 0.374278 0.366889 0.359645 0.352545 0.345585 0.338762 0.332074 0.325518 0.319091 0.312792 0.306616
0.795762 0.780051 0.764651 0.749555 0.734756 0.720250 0.706031 0.692092 0.678428 0.665034 0.651904 0.639034 0.626418 0.614050 0.601927 0.590044 0.578395 0.566976 0.555782 0.544809 0.534053 0.523510 0.513174 0.503043 0.493111 0.483376 0.473833 0.464478 0.455308 0.446319 0.437507 0.428870 0.420403 0.412103 0.403967 0.395991 0.388173 0.380510 0.372997 0.365633 0.358415 0.351339 0.344402 0.337603 0.330938 0.324404 0.317999 0.311721 0.305567 0.299534
0.776146 0.760823 0.745802 0.731078 0.716645 0.702496 0.688627 0.675032 0.661705 0.648641 0.635835 0.623282 0.610977 0.598914 0.587090 0.575499 0.564137 0.553000 0.542082 0.531380 0.520889 0.510605 0.500524 0.490643 0.480956 0.471461 0.462153 0.453029 0.444085 0.435317 0.426723 0.418298 0.410040 0.401944 0.394009 0.386230 0.378605 0.371130 0.363803 0.356621 0.349580 0.342678 0.335913 0.329281 0.322780 0.316408 0.310161 0.304037 0.298035 0.292151
0.755750 0.740829 0.726203 0.711866 0.697812 0.684035 0.670530 0.657292 0.644315 0.631595 0.619125 0.606902 0.594920 0.583175 0.571661 0.560375 0.549312 0.538467 0.527836 0.517415 0.507200 0.497187 0.487371 0.477749 0.468317 0.459071 0.450007 0.441123 0.432414 0.423877 0.415509 0.407305 0.399264 0.391381 0.383655 0.376080 0.368655 0.361377 0.354242 0.347249 0.340393 0.333673 0.327085 0.320628 0.314298 0.308092 0.302010 0.296047 0.290203 0.284473
0.734592 0.720089 0.705872 0.691936 0.678276 0.664885 0.651758 0.638891 0.626277 0.613913 0.601792 0.589911 0.578265 0.566848 0.555657 0.544687 0.533933 0.523392 0.513059 0.502930 0.493001 0.483267 0.473726 0.464374 0.455206 0.446219 0.437409 0.428773 0.420308 0.412010 0.403876 0.395902 0.388086 0.380424 0.372914 0.365551 0.358334 0.351260 0.344325 0.337527 0.330863 0.324331 0.317928 0.311651 0.305499 0.299467 0.293555 0.287759 0.282078 0.276509
0.712694 0.698624 0.684831 0.671310 0.658057 0.645065 0.632330 0.619846 0.607608 0.595613 0.583854 0.572327 0.561027 0.549951 0.539094 0.528450 0.518017 0.507790 0.497765 0.487938 0.478305 0.468862 0.459605 0.450531 0.441636 0.432917 0.424370 0.415992 0.407779 0.399729 0.391837 0.384101 0.376518 0.369084 0.361798 0.354655 0.347653 0.340789 0.334061 0.327466 0.321001 0.314663 0.308451 0.302361 0.296392 0.290540 0.284804 0.279181 0.273670 0.268267
0.690079 0.676455 0.663100 0.650008 0.637176 0.624596 0.612265 0.600177 0.588328 0.576713 0.565327 0.554166 0.543225 0.532500 0.521987 0.511682 0.501580 0.491677 0.481970 0.472455 0.463127 0.453984 0.445021 0.436235 0.427622 0.419180 0.410904 0.402792 0.394840 0.387044 0.379403 0.371913 0.364570 0.357373 0.350317 0.343401 0.336621 0.329975 0.323461 0.317075 0.310815 0.304678 0.298663 0.292767 0.286987 0.281321 0.275767 0.270322 0.264986 0.259754
0.666769 0.653605 0.640701 0.628052 0.615653 0.603498 0.591583 0.579904 0.568455 0.557232 0.546231 0.535447 0.524875 0.514513 0.504355 0.494398 0.484637 0.475069 0.465690 0.456496 0.447483 0.438649 0.429989 0.421499 0.413178 0.405021 0.397024 0.389186 0.381502 0.373971 0.366587 0.359350 0.352255 0.345301 0.338484 0.331801 0.325250 0.318829 0.312535 0.306364 0.300316 0.294387 0.288575 0.282878 0.277293 0.271818 0.266452 0.261191 0.256035 0.250980
0.642788 0.630097 0.617657 0.605463 0.593510 0.581792 0.570306 0.559047 0.548009 0.537190 0.526585 0.516188 0.505997 0.496008 0.486215 0.476616 0.467206 0.457982 0.448940 0.440077 0.431389 0.422872 0.414523 0.406340 0.398317 0.390453 0.382745 0.375188 0.367781 0.360520 0.353402 0.346425 0.339586 0.332882 0.326310 0.319867 0.313552 0.307362 0.301294 0.295345 0.289514 0.283799 0.278196 0.272703 0.267319 0.262042 0.256868 0.251797 0.246826 0.241953
0.618159 0.605955 0.593992 0.582265 0.570769 0.559501 0.548455 0.537627 0.527012 0.516608 0.506408 0.496411 0.486610 0.477003 0.467586 0.458354 0.449305 0.440435 0.431739 0.423215 0.414860 0.406670 0.398641 0.390771 0.383056 0.375493 0.368080 0.360813 0.353689 0.346707 0.339862 0.333152 0.326575 0.320127 0.313807 0.307612 0.301538 0.295585 0.289750 0.284029 0.278422 0.272925 0.267537 0.262255 0.257077 0.252002 0.247026 0.242149 0.237369 0.232682
0.592908 0.581202 0.569728 0.558480 0.547454 0.536646 0.526051 0.515665 0.505484 0.495505 0.485722 0.476133 0.466733 0.457518 0.448485 0.439631 0.430951 0.422443 0.414103 0.405928 0.397913 0.390058 0.382357 0.374808 0.367408 0.360155 0.353044 0.346074 0.339242 0.332544 0.325979 0.319543 0.313234 0.307050 0.300988 0.295046 0.289221 0.283511 0.277914 0.272427 0.267048 0.261776 0.256608 0.251542 0.246576 0.241708 0.236936 0.232258 0.227673 0.223178
0.567060 0.555865 0.544890 0.534133 0.523587 0.513250 0.503117 0.493184 0.483448 0.473903 0.464547 0.455376 0.446385 0.437572 0.428933 0.420465 0.412164 0.404027 0.396050 0.388231 0.380566 0.373053 0.365688 0.358468 0.351391 0.344454 0.337653 0.330987 0.324452 0.318047 0.311768 0.305612 0.299579 0.293664 0.287867 0.282183 0.276612 0.271151 0.265798 0.260550 0.255406 0.250364 0.245421 0.240576 0.235826 0.231170 0.226606 0.222133 0.217747 0.213448
0.540641 0.529967 0.519504 0.509248 0.499194 0.489338 0.479677 0.470207 0.460924 0.451824 0.442904 0.434160 0.425588 0.417186 0.408950 0.400876 0.392961 0.385203 0.377598 0.370144 0.362836 0.355673 0.348651 0.341767 0.335020 0.328406 0.321922 0.315566 0.309336 0.303229 0.297243 0.291374 0.285622 0.279983 0.274455 0.269037 0.263725 0.258518 0.253415 0.248411 0.243507 0.238700 0.233987 0.229367 0.224839 0.220400 0.216049 0.211784 0.207602 0.203504
0.513677 0.503536 0.493595 0.483850 0.474297 0.464933 0.455754 0.446757 0.437936 0.429290 0.420815 0.412507 0.404363 0.396380 0.388554 0.380883 0.373363 0.365992 0.358766 0.351683 0.344740 0.337934 0.331262 0.324722 0.318311 0.312027 0.305867 0.299828 0.293909 0.288106 0.282418 0.276842 0.271377 0.266019 0.260767 0.255619 0.250572 0.245625 0.240776 0.236022 0.231363 0.226795 0.222317 0.217928 0.213626 0.209408 0.205274 0.201221 0.197249 0.193354
0.486197 0.476598 0.467189 0.457965 0.448923 0.440061 0.431373 0.422856 0.414508 0.406324 0.398302 0.390439 0.382730 0.375174 0.367767 0.360506 0.353389 0.346412 0.339573 0.332869 0.326297 0.319855 0.313540 0.307350 0.301282 0.295334 0.289504 0.283788 0.278185 0.272693 0.267309 0.262032 0.256859 0.251788 0.246817 0.241944 0.237167 0.232485 0.227895 0.223396 0.218985 0.214662 0.210424 0.206270 0.202197 0.198205 0.194292 0.190456 0.186696 0.183010
0.458227 0.449180 0.440312 0.431619 0.423098 0.414744 0.406556 0.398530 0.390662 0.382949 0.375388 0.367977 0.360712 0.353591 0.346610 0.339767 0.333059 0.326484 0.320038 0.313720 0.307526 0.301454 0.295503 0.289669 0.283950 0.278344 0.272849 0.267462 0.262182 0.257005 0.251931 0.246958 0.242082 0.237303 0.232618 0.228025 0.223523 0.219110 0.214784 0.210544 0.206387 0.202313 0.198318 0.194403 0.190565 0.186803 0.183115 0.179500 0.175956 0.172482
0.429795 0.421310 0.412992 0.404838 0.396846 0.389011 0.381331 0.373802 0.366422 0.359188 0.352097 0.345145 0.338331 0.331652 0.325104 0.318686 0.312394 0.306226 0.300181 0.294254 0.288445 0.282750 0.277168 0.271696 0.266332 0.261074 0.255919 0.250867 0.245914 0.241059 0.236300 0.231635 0.227062 0.222579 0.218184 0.213877 0.209654 0.205515 0.201458 0.197480 0.193582 0.189760 0.186013 0.182341 0.178741 0.175212 0.171753 0.168362 0.165038 0.161780
0.400931 0.393015 0.385256 0.377650 0.370194 0.362885 0.355721 0.348698 0.341814 0.335066 0.328450 0.321966 0.315609 0.309378 0.303270 0.297283 0.291414 0.285661 0.280021 0.274492 0.269073 0.263761 0.258554 0.253449 0.248445 0.243540 0.238732 0.234019 0.229399 0.224870 0.220430 0.216078 0.211812 0.207631 0.203531 0.199513 0.195574 0.191713 0.187928 0.184218 0.180581 0.177016 0.173521 0.170095 0.166737 0.163445 0.160218 0.157055 0.153955 0.150915
0.371662 0.364325 0.357132 0.350081 0.343170 0.336395 0.329753 0.323243 0.316861 0.310606 0.304473 0.298462 0.292570 0.286794 0.281132 0.275581 0.270141 0.264807 0.259579 0.254454 0.249431 0.244506 0.239679 0.234947 0.230309 0.225762 0.221305 0.216935 0.212653 0.208454 0.204339 0.200305 0.196350 0.192474 0.188674 0.184949 0.181297 0.177718 0.174209 0.170770 0.167398 0.164094 0.160854 0.157678 0.154565 0.151514 0.148522 0.145590 0.142716 0.139898
0.342020 0.335268 0.328649 0.322160 0.315800 0.309565 0.303453 0.297462 0.291590 0.285833 0.280190 0.274658 0.269236 0.263920 0.258710 0.253602 0.248595 0.243687 0.238876 0.234160 0.229537 0.225006 0.220563 0.216209 0.211940 0.207756 0.203654 0.199634 0.195692 0.191829 0.188042 0.184329 0.180690 0.177123 0.173626 0.170198 0.166838 0.163544 0.160315 0.157150 0.154047 0.151006 0.148025 0.145102 0.142238 0.139430 0.136677 0.133978 0.131333 0.128740
0.312033 0.305873 0.299834 0.293915 0.288112 0.282424 0.276848 0.271382 0.266025 0.260772 0.255624 0.250577 0.245630 0.240781 0.236027 0.231367 0.226800 0.222322 0.217933 0.213630 0.209412 0.205278 0.201225 0.197253 0.193358 0.189541 0.185799 0.182131 0.178535 0.175010 0.171555 0.168168 0.164848 0.161593 0.158403 0.155276 0.152210 0.149205 0.146259 0.143372 0.140541 0.137767 0.135047 0.132381 0.129767 0.127205 0.124694 0.122232 0.119819 0.117453
0.281733 0.276170 0.270718 0.265373 0.260134 0.254998 0.249964 0.245029 0.240191 0.235449 0.230801 0.226244 0.221778 0.217399 0.213107 0.208900 0.204776 0.200733 0.196770 0.192885 0.189077 0.185344 0.181685 0.178098 0.174582 0.171135 0.167756 0.164444 0.161198 0.158015 0.154896 0.151838 0.148840 0.145901 0.143021 0.140197 0.137429 0.134716 0.132056 0.129449 0.126894 0.124388 0.121933 0.119525 0.117166 0.114852 0.112585 0.110362 0.108183 0.106048
0.251148 0.246190 0.241329 0.236565 0.231894 0.227316 0.222828 0.218429 0.214117 0.209889 0.205746 0.201684 0.197702 0.193799 0.189972 0.186222 0.182545 0.178941 0.175409 0.171946 0.168551 0.165223 0.161961 0.158764 0.155629 0.152557 0.149545 0.146592 0.143698 0.140861 0.138080 0.135354 0.132682 0.130062 0.127495 0.124978 0.122510 0.120092 0.117721 0.115396 0.113118 0.110885 0.108696 0.106550 0.104446 0.102384 0.100363 0.098381 0.096439 0.094535
0.220311 0.215961 0.211697 0.207518 0.203421 0.199405 0.195468 0.191609 0.187826 0.184118 0.180483 0.176920 0.173427 0.170003 0.166647 0.163356 0.160131 0.156970 0.153871 0.150833 0.147855 0.144936 0.142075 0.139270 0.136520 0.133825 0.131183 0.128593 0.126054 0.123566 0.121126 0.118735 0.116390 0.114093 0.111840 0.109632 0.107468 0.105346 0.103266 0.101227 0.099229 0.097270 0.095349 0.093467 0.091622 0.089813 0.088040 0.086302 0.084598 0.082928
0.189251 0.185515 0.181852 0.178262 0.174743 0.171293 0.167911 0.164596 0.161346 0.158161 0.155038 0.151978 0.148977 0.146036 0.143153 0.140327 0.137556 0.134840 0.132178 0.129569 0.127011 0.124503 0.122045 0.119636 0.117274 0.114958 0.112689 0.110464 0.108283 0.106145 0.104050 0.101995 0.099982 0.098008 0.096073 0.094176 0.092317 0.090494 0.088708 0.086956 0.085240 0.083557 0.081907 0.080290 0.078705 0.077151 0.075628 0.074135 0.072671 0.071236
0.158001 0.154882 0.151824 0.148827 0.145889 0.143008 0.140185 0.137417 0.134704 0.132045 0.129438 0.126882 0.124377 0.121922 0.119515 0.117155 0.114842 0.112575 0.110353 0.108174 0.106038 0.103945 0.101893 0.099881 0.097909 0.095976 0.094081 0.092224 0.090403 0.088618 0.086869 0.085154 0.083472 0.081824 0.080209 0.078625 0.077073 0.075552 0.074060 0.072598 0.071165 0.069760 0.068382 0.067032 0.065709 0.064412 0.063140 0.061893 0.060671 0.059474
0.126592 0.124093 0.121643 0.119242 0.116888 0.114580 0.112318 0.110100 0.107927 0.105796 0.103707 0.101660 0.099653 0.097685 0.095757 0.093866 0.092013 0.090196 0.088416 0.086670 0.084959 0.083282 0.081637 0.080026 0.078446 0.076897 0.075379 0.073891 0.072432 0.071002 0.069600 0.068226 0.066879 0.065559 0.064264 0.062996 0.061752 0.060533 0.059338 0.058166 0.057018 0.055892 0.054789 0.053707 0.052647 0.051607 0.050588 0.049590 0.048611 0.047651
0.095056 0.093179 0.091340 0.089536 0.087769 0.086036 0.084337 0.082672 0.081040 0.079440 0.077872 0.076334 0.074827 0.073350 0.071902 0.070482 0.069091 0.067727 0.066390 0.065079 0.063794 0.062535 0.061300 0.060090 0.058904 0.057741 0.056601 0.055483 0.054388 0.053314 0.052261 0.051230 0.050218 0.049227 0.048255 0.047302 0.046368 0.045453 0.044556 0.043676 0.042814 0.041968 0.041140 0.040328 0.039531 0.038751 0.037986 0.037236 0.036501 0.035780
0.063424 0.062172 0.060944 0.059741 0.058562 0.057405 0.056272 0.055161 0.054072 0.053005 0.051958 0.050932 0.049927 0.048941 0.047975 0.047028 0.046099 0.045189 0.044297 0.043422 0.042565 0.041725 0.040901 0.040094 0.039302 0.038526 0.037765 0.037020 0.036289 0.035573 0.034870 0.034182 0.033507 0.032845 0.032197 0.031561 0.030938 0.030327 0.029729 0.029142 0.028566 0.028002 0.027450 0.026908 0.026376 0.025856 0.025345 0.024845 0.024354 0.023874
0.031728 0.031102 0.030488 0.029886 0.029296 0.028717 0.028150 0.027594 0.027050 0.026516 0.025992 0.025479 0.024976 0.024483 0.024000 0.023526 0.023061 0.022606 0.022160 0.021722 0.021293 0.020873 0.020461 0.020057 0.019661 0.019273 0.018892 0.018519 0.018154 0.017795 0.017444 0.017100 0.016762 0.016431 0.016107 0.015789 0.015477 0.015171 0.014872 0.014578 0.014290 0.014008 0.013732 0.013461 0.013195 0.012934 0.012679 0.012429 0.012183 0.011943
0.000000 0.000000 0.000000 0.000000 0.000000 0.000000 0.000000 0.000000 0.000000 0.000000 0.000000 0.000000 0.000000 0.000000 0.000000 0.000000 0.000000 0.000000 0.000000 0.000000 0.000000 0.000000 0.000000 0.000000 0.000000 0.000000 0.000000 0.000000 0.000000 0.000000 0.000000 0.000000 0.000000 0.000000 0.000000 0.000000 0.000000 0.000000 0.000000 0.000000 0.000000 0.000000 0.000000 0.000000 0.000000 0.000000 0.000000 0.000000 0.000000 0.000000
